4000
3F00
3E00
3D00
3C00
3B00
3A00
3900
3800
3700
3600
3500
3400
3300
3200
3100
3000
2F00
2E00
2D00
2C00
2B00
2A00
2900
2800
2700
2600
2500
2400
2300
2200
2100
2000
1F00
1E00
1D00
1C00
1B00
1A00
1900
1800
1700
1600
1500
1400
1300
1200
1100
1000
0F00
0E00
0D00
0C00
0B00
0A00
0900
0800
0700
0600
0500
0400
0300
0200
0100
0000
0100
0200
0300
0400
0500
0600
0700
0800
0900
0A00
0B00
0C00
0D00
0E00
0F00
1000
1100
1200
1300
1400
1500
1600
1700
1800
1900
1A00
1B00
1C00
1D00
1E00
1F00
2000
2100
2200
2300
2400
2500
2600
2700
2800
2900
2A00
2B00
2C00
2D00
2E00
2F00
3000
3100
3200
3300
3400
3500
3600
3700
3800
3900
3A00
3B00
3C00
3D00
3E00
3F00
4000
3F00
3E00
3D00
3C00
3B00
3A00
3900
3800
3700
3600
3500
3400
3300
3200
3100
3000
2F00
2E00
2D00
2C00
2B00
2A00
2900
2800
2700
2600
2500
2400
2300
2200
2100
2000
1F00
1E00
1D00
1C00
1B00
1A00
1900
1800
1700
1600
1500
1400
1300
1200
1100
1000
0F00
0E00
0D00
0C00
0B00
0A00
0900
0800
0700
0600
0500
0400
0300
0200
0100
0000
0100
0200
0300
0400
0500
0600
0700
0800
0900
0A00
0B00
0C00
0D00
0E00
0F00
1000
1100
1200
1300
1400
1500
1600
1700
1800
1900
1A00
1B00
1C00
1D00
1E00
1F00
2000
2100
2200
2300
2400
2500
2600
2700
2800
2900
2A00
2B00
2C00
2D00
2E00
2F00
3000
3100
3200
3300
3400
3500
3600
3700
3800
3900
3A00
3B00
3C00
3D00
3E00
3F00
4000
3F00
3E00
3D00
3C00
3B00
3A00
3900
3800
3700
3600
3500
3400
3300
3200
3100
3000
2F00
2E00
2D00
2C00
2B00
2A00
2900
2800
2700
2600
2500
2400
2300
2200
2100
2000
1F00
1E00
1D00
1C00
1B00
1A00
1900
1800
1700
1600
1500
1400
1300
1200
1100
1000
0F00
0E00
0D00
0C00
0B00
0A00
0900
0800
0700
0600
0500
0400
0300
0200
0100
0000
0100
0200
0300
0400
0500
0600
0700
0800
0900
0A00
0B00
0C00
0D00
0E00
0F00
1000
1100
1200
1300
1400
1500
1600
1700
1800
1900
1A00
1B00
1C00
1D00
1E00
1F00
2000
2100
2200
2300
2400
2500
2600
2700
2800
2900
2A00
2B00
2C00
2D00
2E00
2F00
3000
3100
3200
3300
3400
3500
3600
3700
3800
3900
3A00
3B00
3C00
3D00
3E00
3F00
4000
3F00
3E00
3D00
3C00
3B00
3A00
3900
3800
3700
3600
3500
3400
3300
3200
3100
3000
2F00
2E00
2D00
2C00
2B00
2A00
2900
2800
2700
2600
2500
2400
2300
2200
2100
2000
1F00
1E00
1D00
1C00
1B00
1A00
1900
1800
1700
1600
1500
1400
1300
1200
1100
1000
0F00
0E00
0D00
0C00
0B00
0A00
0900
0800
0700
0600
0500
0400
0300
0200
0100
0000
0100
0200
0300
0400
0500
0600
0700
0800
0900
0A00
0B00
0C00
0D00
0E00
0F00
1000
1100
1200
1300
1400
1500
1600
1700
1800
1900
1A00
1B00
1C00
1D00
1E00
1F00
2000
2100
2200
2300
2400
2500
2600
2700
2800
2900
2A00
2B00
2C00
2D00
2E00
2F00
3000
3100
3200
3300
3400
3500
3600
3700
3800
3900
3A00
3B00
3C00
3D00
3E00
3F00
4000
3F00
3E00
3D00
3C00
3B00
3A00
3900
3800
3700
3600
3500
3400
3300
3200
3100
3000
2F00
2E00
2D00
2C00
2B00
2A00
2900
2800
2700
2600
2500
2400
2300
2200
2100
2000
1F00
1E00
1D00
1C00
1B00
1A00
1900
1800
1700
1600
1500
1400
1300
1200
1100
1000
0F00
0E00
0D00
0C00
0B00
0A00
0900
0800
0700
0600
0500
0400
0300
0200
0100
0000
0100
0200
0300
0400
0500
0600
0700
0800
0900
0A00
0B00
0C00
0D00
0E00
0F00
1000
1100
1200
1300
1400
1500
1600
1700
1800
1900
1A00
1B00
1C00
1D00
1E00
1F00
2000
2100
2200
2300
2400
2500
2600
2700
2800
2900
2A00
2B00
2C00
2D00
2E00
2F00
3000
3100
3200
3300
3400
3500
3600
3700
3800
3900
3A00
3B00
3C00
3D00
3E00
3F00
4000
3F00
3E00
3D00
3C00
3B00
3A00
3900
3800
3700
3600
3500
3400
3300
3200
3100
3000
2F00
2E00
2D00
2C00
2B00
2A00
2900
2800
2700
2600
2500
2400
2300
2200
2100
2000
1F00
1E00
1D00
1C00
1B00
1A00
1900
1800
1700
1600
1500
1400
1300
1200
1100
1000
0F00
0E00
0D00
0C00
0B00
0A00
0900
0800
0700
0600
0500
0400
0300
0200
0100
0000
0100
0200
0300
0400
0500
0600
0700
0800
0900
0A00
0B00
0C00
0D00
0E00
0F00
1000
1100
1200
1300
1400
1500
1600
1700
1800
1900
1A00
1B00
1C00
1D00
1E00
1F00
2000
2100
2200
2300
2400
2500
2600
2700
2800
2900
2A00
2B00
2C00
2D00
2E00
2F00
3000
3100
3200
3300
3400
3500
3600
3700
3800
3900
3A00
3B00
3C00
3D00
3E00
3F00
4000
3F00
3E00
3D00
3C00
3B00
3A00
3900
3800
3700
3600
3500
3400
3300
3200
3100
3000
2F00
2E00
2D00
2C00
2B00
2A00
2900
2800
2700
2600
2500
2400
2300
2200
2100
2000
1F00
1E00
1D00
1C00
1B00
1A00
1900
1800
1700
1600
1500
1400
1300
1200
1100
1000
0F00
0E00
0D00
0C00
0B00
0A00
0900
0800
0700
0600
0500
0400
0300
0200
0100
0000
0100
0200
0300
0400
0500
0600
0700
0800
0900
0A00
0B00
0C00
0D00
0E00
0F00
1000
1100
1200
1300
1400
1500
1600
1700
1800
1900
1A00
1B00
1C00
1D00
1E00
1F00
2000
2100
2200
2300
2400
2500
2600
2700
2800
2900
2A00
2B00
2C00
2D00
2E00
2F00
3000
3100
3200
3300
3400
3500
3600
3700
3800
3900
3A00
3B00
3C00
3D00
3E00
3F00
4000
3F00
3E00
3D00
3C00
3B00
3A00
3900
3800
3700
3600
3500
3400
3300
3200
3100
3000
2F00
2E00
2D00
2C00
2B00
2A00
2900
2800
2700
2600
2500
2400
2300
2200
2100
2000
1F00
1E00
1D00
1C00
1B00
1A00
1900
1800
1700
1600
1500
1400
1300
1200
1100
1000
0F00
0E00
0D00
0C00
0B00
0A00
0900
0800
0700
0600
0500
0400
0300
0200
0100
0000
0100
0200
0300
0400
0500
0600
0700
0800
0900
0A00
0B00
0C00
0D00
0E00
0F00
1000
1100
1200
1300
1400
1500
1600
1700
1800
1900
1A00
1B00
1C00
1D00
1E00
1F00
2000
2100
2200
2300
2400
2500
2600
2700
2800
2900
2A00
2B00
2C00
2D00
2E00
2F00
3000
3100
3200
3300
3400
3500
3600
3700
3800
3900
3A00
3B00
3C00
3D00
3E00
3F00
